17735
18028
18373
18723
19290
19672
20036
20418
20800
21031
21278
21689
22070
22416
22749
23273
23654
24029
24458
24857
25073
25341
25722
26117
26466
26829
27339
27699
28075
28457
28807
29087
29330
29757
30142
30489
30798
31340
31725
32105
32486
32863
33112
33360
33723
34133
34514
34876
35424
35774
36151
36512
36877
37111
37340
37717
38089
38449
38778
39339
39738
40082
40466
40834
41050
41328
41741
42123
42488
42800
43343
43726
44053
44447
44856
45073
45334
45731
46093
46455
46798
47341
47754
48103
48498
48863
49060
49357
49707
50104
50468
50847
51356
51706
52085
52430
52808
53043
53339
53741
54106
54465
54816
55392
55736
56099
56473
56855
57103
57314
57723
58106
58466
58811
59339
59713
60089
60341
60601
60846
61091
61336
61736
62134
62480
62841
63330
63740
64082
64481
64826
65057
65304
65670
66080
66440
66817
67209
67389
69334
69710
70072
70487
70782
71315
71712
72059
72468
72862
73073
73321
73689
74081
74421
74767
75340
75735
76081
76477
76855
77091
77323
77722
78081
78441
78824
79350
79717
80114
80479
80843
81059
81341
81673
82068
82468
82827
83355
83753
84119
84466
84861
85091
85356
85725
86074
86468
86847
87310
87722
88077
88498
88865
89112
89357
89749
90129
90479
90819
91322
91719
92114
92377
92823
93057
93325
93722
94101
94475
94799
95316
95723
96097
96478
96869
97100
97332
97691
98102
98466
98842
99398
99748
100112
100490
100868
101099
101358
101732
102093
102455
102786
103329
103721
104099
104480
104878
105107
105335
105714
106098
106445
106807
107352
107727
108134
108379
108625
108857
109090
109352
109744
110142
110523
110854
111363
111728
112073
112488
112852
113095
113362
113725
114127
114490
114857
115101
115368
125632
