0
51
103
154
206
258
309
361
413
464
516
568
619
671
723
774
826
878
929
981
1033
1084
1136
1188
1239
1291
1343
1394
1446
1498
1549
1601
1652
1704
1756
1807
1859
1911
1962
2014
2066
2117
2169
2221
2272
2324
2376
2427
2479
2531
2582
2634
2686
2737
2789
2841
2892
2944
2996
3047
3099
3150
3202
3254
3305
3357
3409
3460
3512
3564
3615
3667
3719
3770
3822
3874
3925
3977
4029
4080
4132
4184
4235
4287
4339
4390
4442
4494
4545
4597
4648
4700
4752
4803
4855
4907
4958
5010
5062
5113
5165
5217
5268
5320
5372
5423
5475
5527
5578
5630
5682
5733
5785
5837
5888
5940
5992
6043
6095
6146
6198
6250
6301
6353
6405
6456
6508
6560
6611
6663
6715
6766
6818
6870
6921
6973
7025
7076
7128
7180
7231
7283
7335
7386
7438
7490
7541
7593
7644
7696
7748
7799
7851
7903
7954
8006
8058
8109
8161
8213
8264
8316
8368
8419
8471
8523
8574
8626
8678
8729
8781
8833
8884
8936
8988
9039
9091
9142
9194
9246
9297
9349
9401
9452
9504
9556
9607
9659
9711
9762
9814
9866
9917
9969
10021
10072
10124
10176
10227
10279
10331
10382
10434
10486
10537
10589
10640
10692
10744
10795
10847
10899
10950
11002
11054
11105
11157
11209
11260
11312
11364
11415
11467
11519
11570
11622
11674
11725
11777
11829
11880
11932
11984
12035
12087
12139
12190
12242
12293
12345
12397
12448
12500
12552
12603
12655
12707
12758
12810
12862
12913
12965
13017
13068
13120
13172
13223
13275
13327
13378
13430
13482
13533
13585
13637
13688
13740
13791
13843
13895
13946
13998
14050
14101
14153
14205
14256
14308
14360
14411
14463
14515
14566
14618
14670
14721
14773
14825
14876
14928
14980
15031
15083
15135
15186
15238
15289
15341
15393
15444
15496
15548
15599
15651
15703
15754
15806
15858
15909
15961
16013
16064
16116
16168
16219
16271
16323
16374
16426
16478
16529
16581
16633
16684
16736
16787
16839
16891
16942
16994
17046
17097
17149
17201
17252
17304
17356
17407
17459
17511
17562
17614
17666
17717
17769
17821
17872
17924
17976
18027
18079
18131
18182
18234
18285
18337
18389
18440
18492
18544
18595
18647
18699
18750
18802
18854
18905
18957
19009
19060
19112
19164
19215
19267
19319
19370
19422
19474
19525
19577
19629
19680
19732
19783
19835
19887
19938
19990
20042
20093
20145
20197
20248
20300
20352
20403
20455
20507
20558
20610
20662
20713
20765
20817
20868
20920
20972
21023
21075
21127
21178
21230
21281
21333
21385
21436
21488
21540
21591
21643
21695
21746
21798
21850
21901
21953
22005
22056
22108
22160
22211
22263
22315
22366
22418
22470
22521
22573
22625
22676
22728
22780
22831
22883
22934
22986
23038
23089
23141
23193
23244
23296
23348
23399
23451
23503
23554
23606
23658
23709
23761
23813
23864
23916
23968
24019
24071
24123
24174
24226
24278
24329
24381
24432
24484
24536
24587
24639
24691
24742
24794
24846
24897
24949
25001
25052
25104
25156
25207
25259
25311
25362
25414
25466
25517
25569
25621
25672
25724
25776
25827
25879
25930
25982
26034
26085
26137
26189
26240
26292
26344
26395
26447
26499
26550
26602
26654
26705
26757
26809
26860
26912
26964
27015
27067
27119
27170
27222
27274
27325
27377
27428
27480
27532
27583
27635
27687
27738
27790
27842
27893
27945
27997
28048
28100
28152
28203
28255
28307
28358
28410
28462
28513
28565
28617
28668
28720
28772
28823
28875
28926
28978
29030
29081
29133
29185
29236
29288
29340
29391
29443
29495
29546
29598
29650
29701
29753
29805
29856
29908
29960
30011
30063
30115
30166
30218
30270
30321
30373
30424
30476
30528
30579
30631
30683
30734
30786
30838
30889
30941
30993
31044
31096
31148
31199
31251
31303
31354
31406
31458
31509
31561
31613
31664
31716
31768
31819
31871
31922
31974
32026
32077
32129
32181
32232
32284
32336
32387
32439
32491
32542
32594
32646
32697
32749
32801
32852
32904
32956
33007
33059
33111
33162
33214
33266
33317
33369
33420
33472
33524
33575
33627
33679
33730
33782
33834
33885
33937
33989
34040
34092
34144
34195
34247
34299
34350
34402
34454
34505
34557
34609
34660
34712
34764
34815
34867
34919
34970
35022
35073
35125
35177
35228
35280
35332
35383
35435
35487
35538
35590
35642
35693
35745
35797
35848
35900
35952
36003
36055
36107
36158
36210
36262
36313
36365
36417
36468
36520
36571
36623
36675
36726
36778
36830
36881
36933
36985
37036
37088
37140
37191
37243
37295
37346
37398
37450
37501
37553
37605
37656
37708
37760
37811
37863
37915
37966
38018
38069
38121
38173
38224
38276
38328
38379
38431
38483
38534
38586
38638
38689
38741
38793
38844
38896
38948
38999
39051
39103
39154
39206
39258
39309
39361
39413
39464
39516
39567
39619
39671
39722
39774
39826
39877
39929
39981
40032
40084
40136
40187
40239
40291
40342
40394
40446
40497
40549
40601
40652
40704
40756
40807
40859
40911
40962
41014
41065
41117
41169
41220
41272
41324
41375
41427
41479
41530
41582
41634
41685
41737
41789
41840
41892
41944
41995
42047
42099
42150
42202
42254
42305
42357
42409
42460
42512
42563
42615
42667
42718
42770
42822
42873
42925
42977
43028
43080
43132
43183
43235
43287
43338
43390
43442
43493
43545
43597
43648
43700
43752
43803
43855
43907
43958
44010
44061
44113
44165
44216
44268
44320
44371
44423
44475
44526
44578
44630
44681
44733
44785
44836
44888
44940
44991
45043
45095
45146
45198
45250
45301
45353
45405
45456
45508
45560
45611
45663
45714
45766
45818
45869
45921
45973
46024
46076
46128
46179
46231
46283
46334
46386
46438
46489
46541
46593
46644
46696
46748
46799
46851
46903
46954
47006
47058
47109
47161
47212
47264
47316
47367
47419
47471
47522
47574
47626
47677
47729
47781
47832
47884
47936
47987
48039
48091
48142
48194
48246
48297
48349
48401
48452
48504
48556
48607
48659
48710
48762
48814
48865
48917
48969
49020
49072
49124
49175
49227
49279
49330
49382
49434
49485
49537
49589
49640
49692
49744
49795
49847
49899
49950
50002
50054
50105
50157
50208
50260
50312
50363
50415
50467
50518
50570
50622
50673
50725
50777
50828
50880
50932
50983
51035
51087
51138
51190
51242
51293
51345
51397
51448
51500
51552
51603
51655
51706
51758
51810
51861
51913
51965
52016
52068
52120
52171
52223
52275
52326
52378
52430
52481
52533
52585
52636
52688
52740
52791
52843
52895
52946
52998
53050
53101
53153
53204
53256
53308
53359
53411
53463
53514
53566
53618
53669
53721
53773
53824
53876
53928
53979
54031
54083
54134
54186
54238
54289
54341
54393
54444
54496
54548
54599
54651
54702
54754
54806
54857
54909
54961
55012
55064
55116
55167
55219
55271
55322
55374
55426
55477
55529
55581
55632
55684
55736
55787
55839
55891
55942
55994
56046
56097
56149
56200
56252
56304
56355
56407
56459
56510
56562
56614
56665
56717
56769
56820
56872
56924
56975
57027
57079
57130
57182
57234
57285
57337
57389
57440
57492
57544
57595
57647
57699
57750
57802
57853
57905
57957
58008
58060
58112
58163
58215
58267
58318
58370
58422
58473
58525
58577
58628
58680
58732
58783
58835
58887
58938
58990
59042
59093
59145
59197
59248
59300
59351
59403
59455
59506
59558
59610
59661
59713
59765
59816
59868
59920
59971
60023
60075
60126
60178
60230
60281
60333
60385
60436
60488
60540
60591
60643
60695
60746
60798
60849
60901
60953
61004
61056
61108
61159
61211
61263
61314
61366
61418
61469
61521
61573
61624
61676
61728
61779
61831
61883
61934
61986
62038
62089
62141
62193
62244
62296
62347
62399
62451
62502
62554
62606
62657
62709
62761
62812
62864
62916
62967
63019
63071
63122
63174
63226
63277
63329
63381
63432
63484
63536
63587
63639
63691
63742
63794
63845
63897
63949
64000
64052
64104
64155
64207
64259
64310
64362
64414
64465
64517
64569
64620
64672
64724
64775
64827
64879
64930
64982
65034
65085
65137
65189
65240
65292
65343
65395
65447
65498
65550
65602
65653
65705
65757
65808
65860
65912
65963
66015
66067
66118
66170
66222
66273
66325
66377
66428
66480
66532
66583
66635
66687
66738
66790
66841
66893
66945
66996
67048
67100
67151
67203
67255
67306
67358
67410
67461
67513
67565
67616
67668
67720
67771
67823
67875
67926
67978
68030
68081
68133
68185
68236
68288
68340
68391
68443
68494
68546
68598
68649
68701
68753
68804
68856
68908
68959
69011
69063
69114
69166
69218
69269
69321
69373
69424
69476
69528
69579
69631
69683
69734
69786
69838
69889
69941
69992
70044
70096
70147
70199
70251
70302
70354
70406
70457
70509
70561
70612
70664
70716
70767
70819
70871
70922
70974
71026
71077
71129
71181
71232
71284
71336
71387
71439
71490
71542
71594
71645
71697
71749
71800
71852
71904
71955
72007
72059
72110
72162
72214
72265
72317
72369
72420
72472
72524
72575
72627
72679
72730
72782
72834
72885
72937
72988
73040
73092
73143
73195
73247
73298
73350
73402
73453
73505
73557
73608
73660
73712
73763
73815
73867
73918
73970
74022
74073
74125
74177
74228
74280
74332
74383
74435
74486
74538
74590
74641
74693
74745
74796
74848
74900
74951
75003
75055
75106
75158
75210
75261
75313
75365
75416
75468
75520
75571
75623
75675
75726
75778
75830
75881
75933
75984
76036
76088
76139
76191
76243
76294
76346
76398
76449
76501
76553
76604
76656
76708
76759
76811
76863
76914
76966
77018
77069
77121
77173
77224
77276
77328
77379
77431
77482
77534
77586
77637
77689
77741
77792
77844
77896
77947
77999
78051
78102
78154
78206
78257
78309
78361
78412
78464
78516
78567
78619
78671
78722
78774
78826
78877
78929
78980
79032
79084
79135
79187
79239
79290
79342
79394
79445
79497
79549
79600
79652
79704
79755
79807
79859
79910
79962
80014
80065
80117
80169
80220
80272
80324
80375
80427
80479
80530
80582
80633
80685
80737
80788
80840
80892
80943
80995
81047
81098
81150
81202
81253
81305
81357
81408
81460
81512
81563
81615
81667
81718
81770
81822
81873
81925
81977
82028
82080
82131
82183
82235
82286
82338
82390
82441
82493
82545
82596
82648
82700
82751
82803
82855
82906
82958
83010
83061
83113
83165
83216
83268
83320
83371
83423
83475
83526
83578
83629
83681
83733
83784
83836
83888
83939
83991
84043
84094
84146
84198
84249
84301
84353
84404
84456
84508
84559
84611
84663
84714
84766
84818
84869
84921
84973
85024
85076
85127
85179
85231
85282
85334
85386
85437
85489
85541
85592
85644
85696
85747
85799
85851
85902
85954
86006
86057
86109
86161
86212
86264
86316
86367
86419
86471
86522
86574
86625
86677
86729
86780
86832
86884
86935
86987
87039
87090
87142
87194
87245
87297
87349
87400
87452
87504
87555
87607
87659
87710
87762
87814
87865
87917
87969
88020
88072
88123
88175
88227
88278
88330
88382
88433
88485
88537
88588
88640
88692
88743
88795
88847
88898
88950
89002
89053
89105
89157
89208
89260
89312
89363
89415
89467
89518
89570
89621
89673
89725
89776
89828
89880
89931
89983
90035
90086
90138
90190
90241
90293
90345
90396
90448
90500
90551
90603
90655
90706
90758
90810
90861
90913
90965
91016
91068
91120
91171
91223
