232
812
1369
1950
2530
3088
3668
4226
4806
5387
5921
6501
7058
7639
8219
8777
9357
9938
10495
11075
11633
12213
12794
13351
13931
14489
15069
15650
16207
16788
17368
17949
18506
19086
19667
20224
20805
21362
21942
22523
23080
23661
24218
24798
25379
25936
26517
27074
27654
28235
28792
29373
29930
30511
31091
31648
32229
32809
33367
33924
34504
35085
35665
36223
36803
37384
37941
38521
39079
39659
40240
40797
41377
41935
42515
43096
43653
44234
44791
45371
45929
46509
47090
47647
48227
48808
49365
49946
50503
51083
51664
52221
52802
53382
53939
54520
55077
55658
56215
56796
57353
57933
58514
59071
59652
60232
60789
61370
61927
62508
63088
63645
64226
64806
65364
65944
66501
67082
67639
68220
68800
69358
69938
70495
71076
71656
72237
72794
73375
73955
74536
75093
75673
76231
76811
77368
77949
78506
79087
79667
80248
80805
81385
81943
82523
83080
83661
84218
84799
85379
85937
86517
87098
87655
88235
88793
89373
89930
90511
91091
91672
92229
92810
93390
93947
94505
95085
95666
96223
96803
97361
97941
98499
99079
99660
100217
100797
101378
101935
102516
103096
103653
104234
104791
105372
105929
106509
107090
107647
108228
108808
109365
109946
110503
111084
111664
112222
112802
113359
113940
114520
115078
115658
116239
116796
117376
117934
118514
119071
119652
120232
120790
121370
121951
122508
123088
123646
124226
124784
125364
125945
126525
127082
127663
128220
128801
129381
129938
130519
131076
131657
132237
132794
133375
133932
134513
135093
135650
136231
136788
137369
137949
138507
139087
139668
140225
140805
141363
141943
142500
143081
143638
144219
144799
145380
145937
