935
1165
1368
1562
1761
1981
2163
2376
2588
2788
3004
3203
3453
3650
3849
4049
4262
4459
4654
4850
5048
5263
5459
5671
5868
6066
6262
6479
6672
6888
7084
7279
7475
7689
7871
8104
8303
8484
8679
8875
9059
9274
9475
9680
9860
10070
10253
10469
10664
10861
11080
11279
11477
11689
11910
12090
12286
12484
12682
12880
13078
13273
13456
13669
13881
14082
14276
14474
14685
14882
15079
15279
15498
15694
15875
16090
16288
16484
16699
16896
17108
17307
17501
17715
17929
18127
18326
18667
18885
19081
19298
19479
19693
19927
21257
21650
22161
23790
24163
24578
26141
26586
27047
28598
28976
29434
29783
30504
30915
31129
31341
31532
31843
33199
33676
34120
34382
35831
36197
36592
39131
39544
39738
39906
40089
40283
40465
40659
40846
41045
41238
41732
41966
42163
42379
42580
42763
42944
43129
43324
43507
44231
44431
44598
44794
44993
45211
45410
45626
45852
46665
46862
47064
47242
47441
47633
47846
48051
48251
48452
48634
49094
49287
49453
49653
49850
50066
50281
50478
50706
51084
51313
51512
51710
51924
52108
52304
52514
52698
52893
53093
53525
53708
53906
54103
54308
54487
54666
54862
55060
55261
55472
55887
56086
56254
56450
56646
56844
57056
57274
57470
57653
57853
58214
59837
60166
60412
60653
62266
62545
62959
64293
64569
64934
65380
66866
67346
67758
68150
69071
69274
69489
69703
69898
70079
70281
71760
72158
72335
72469
72694
74161
74557
74998
77454
77707
77872
78035
78236
78435
78637
78834
79048
79230
79444
79641
79836
80053
80249
80445
80648
80843
81043
81239
81439
81652
81850
82209
82401
82587
82801
83016
83454
83622
83837
84051
84248
84458
84639
84886
85070
85264
85460
85689
85885
86081
86279
86475
86670
86870
87068
87267
87481
87696
87909
88122
88291
88484
88688
88880
89063
89264
89481
89759
89943
90110
90321
90533
90735
90901
91097
91276
91460
91656
91881
92163
92328
92531
92722
92938
93133
93316
93530
93712
93908
94101
94300
94500
94680
94884
95083
95281
95462
95645
95861
96054
96253
96435
96715
96900
97115
97312
97514
97730
97910
98124
98309
98573
98986
100608
100969
101379
103008
103352
103781
105499
105875
106224
106568
107380
107675
107857
108107
108539
110199
110543
110907
111305
112624
112973
113366
115913
116360
116575
116754
116948
117165
117366
117547
117728
117925
118157
118357
118552
118801
118998
119198
119412
119622
119841
120035
120269
120693
121072
121270
121450
121664
121833
122043
122222
122439
122653
122854
123049
123492
123674
123871
124052
124244
124448
124643
124846
125044
125255
125927
