1093
1343
1673
1953
2298
2776
3156
3533
3902
4279
4525
4788
5165
5498
5831
6192
6739
7099
7483
7880
8306
8553
8783
9180
9544
9910
10257
10797
11164
11530
11909
12323
12536
12800
13177
13542
13917
14245
14800
15191
15553
15931
16326
16559
16806
17172
17570
17964
18279
18886
19246
19609
19993
20368
20597
20842
21237
21602
21930
22276
22819
23215
23560
23953
24363
24577
24859
25300
25645
25991
26286
26848
27240
27564
27945
28356
28554
28832
29228
29590
29932
30245
30809
31198
31544
31936
32348
32564
32828
33171
33582
33962
34340
34863
35226
35552
35966
36365
36578
36823
37187
37554
37914
38307
38851
39180
39557
39935
40366
40581
40844
41240
41600
41945
42304
42832
43214
43560
43776
44040
44269
44520
44750
45196
45556
45965
46314
46825
47201
47561
47976
48338
48569
48814
49194
49559
49918
50275
50822
51352
51850
53075
53336
53679
54008
54339
54833
55240
55618
55996
56410
56610
56890
57239
57639
57986
58347
58858
59220
59611
59993
60357
60573
60820
61202
61547
61906
62249
62797
63127
63502
63915
64295
64527
64776
65137
65502
65901
66281
66823
67189
67517
67910
68310
68490
68771
69166
69496
69844
70238
70798
71180
71525
71902
72297
72512
72777
73172
73520
73868
74220
74794
75170
75533
75794
76256
76456
76737
77167
77529
77887
78269
78832
79196
79556
79950
80345
80575
80824
81220
81633
82009
82356
82869
83213
83575
83967
84365
84597
84828
85258
85603
85946
86312
86840
87239
87566
87980
88343
88558
88820
89218
89587
89965
90325
90867
91258
91603
91900
92099
92330
92560
92810
93205
93567
93945
94302
94844
95225
95554
95936
96330
96573
96803
97199
97562
97903
98262
98820
99378
103541
