4266
4611
4938
5286
5815
6211
6560
6929
7343
7588
7887
8282
8615
8944
9277
9843
10213
10573
10974
11339
11586
11867
12229
12594
12957
13274
13819
14215
14578
14939
15320
15586
15835
16234
16615
16983
17313
17845
18224
18574
18973
19371
19638
19887
20253
20617
21033
21348
21910
22255
22602
22967
23365
23609
23839
24255
24601
24901
25233
25796
26209
26541
26906
27301
27534
27815
28228
28578
28941
29270
29812
30189
30539
30921
31315
31531
31814
32195
32593
32922
33300
33844
34203
34550
34945
35345
35593
35826
36209
36572
36956
37320
37830
38178
38556
38908
39326
39558
39804
40153
40504
40885
41234
41791
42153
42533
42915
43328
43561
43857
44242
44624
44987
45300
45834
46202
46551
46848
47064
47312
47574
47805
48218
48601
48980
49295
49821
50215
50579
50957
51321
51571
51835
52195
52610
52973
53273
53849
54312
56037
56313
56901
57167
57825
58189
58582
58931
59338
59600
59833
60184
60552
60899
61230
61761
62141
62506
62899
63292
63524
63774
64173
64505
64868
65233
65775
66173
66486
66899
67298
67510
67775
68175
68550
68948
69281
69794
70174
70535
70898
71313
71547
71813
72180
72545
72892
73239
73818
74192
74555
74938
75352
75582
75813
76239
76592
76925
77259
77790
78216
78545
78827
79075
79738
80154
80515
80878
81243
81786
82164
82510
82907
83268
83552
83800
84183
84547
84929
85295
85823
86188
86519
86901
87297
87509
87758
88174
88537
88872
89236
89845
90208
90555
90934
91325
91558
91792
92191
92571
92916
93248
93812
94211
94561
94812
95046
95309
95571
95802
96218
96621
96984
97351
97859
98224
98638
98985
99352
99602
99852
100220
100635
101032
101364
101845
104094
104313
104655
104951
105268
105809
106187
106519
106934
107346
107561
107826
108192
108542
108907
109221
109817
110195
110540
110856
111288
111521
111786
112186
112533
112898
113197
113775
114171
114497
114881
115262
115493
115740
116137
116503
116899
117278
117875
118190
118572
119035
121356
