22747
23156
24607
24873
25055
25298
25514
25928
26140
26291
26490
26674
27088
27288
27488
27672
27884
28296
28494
28706
28886
29067
29464
29658
29871
30069
30247
30681
30876
31091
31287
31484
31961
32323
32509
32737
33130
33347
33527
33742
33889
34333
34513
34740
34908
35090
35557
35738
35939
36136
36316
36742
36940
37139
37322
37520
37946
38143
38341
38553
38747
39173
39374
39587
39783
39994
40873
41564
43041
43436
43860
45520
45877
46267
47842
48190
48598
50289
50621
51036
51183
52325
52732
52897
53096
53259
53476
55033
55360
55773
57476
57756
58183
59972
60725
61169
61534
61713
61926
62124
62321
62500
62731
62943
63157
63616
63796
64009
64223
64437
64654
64852
65096
65855
66106
66303
66516
66730
66927
67127
67339
67552
68254
68468
68712
68892
69140
69323
69523
69738
69950
70244
70738
70905
71122
71318
71535
71734
71964
72161
72394
72909
73090
73304
73536
73780
74013
74228
74456
74689
75196
75658
75855
76115
76344
76509
76738
76934
77164
77610
78007
78421
78765
79937
81480
81795
82238
83905
84228
86266
86611
87009
88741
89067
89446
89561
90184
91347
91510
91742
91924
93420
93761
94241
95857
96231
96654
98411
99344
99607
99819
100004
100250
100464
100677
100905
101138
101350
101566
101780
101975
102224
102453
102649
102912
103125
103339
103553
103926
104194
104358
104588
104786
105033
105282
105511
105740
105971
106303
106546
106741
106954
107155
107401
107666
107898
108128
108374
108685
109032
109282
109481
109697
109931
110149
110364
110606
110822
111130
111439
111654
111868
112116
112314
112578
112758
113007
113271
113498
113860
114072
114290
114519
114767
115013
115212
115443
115773
116186
116364
116593
116842
117074
117323
117568
117766
118012
118277
118685
118913
119143
119587
119787
120216
120574
121995
122476
122939
124612
124964
125424
127089
127438
127880
128063
129443
129722
130196
131880
132243
132654
133137
134368
134678
135070
136730
137518
138745
139600
139913
140176
140423
140671
140851
141052
141251
141447
141681
141896
142310
142490
142723
142919
143133
143331
143725
143923
144120
144334
144796
145023
145189
145369
145569
145818
145951
146067
146183
146297
146429
146564
146679
146796
146896
146995
147128
147227
149221
