0
1000
1500
2500
3000
4000
4500
5000
5500
6000
7000
7500
8000
8500
9000
10000
10500
11000
11500
12000
12000
12000
13000
13000
13500
13500
14500
14500
15000
15000
16000
16000
16000
16500
16500
17000
17000
17500
17500
18000
18000
19000
19000
19500
19500
20000
20000
20000
20500
20500
21000
21000
22000
22000
22500
22500
23000
23000
23000
23000
23500
23500
23500
23500
24000
24000
24000
24000
25000
25000
25000
25000
25500
25500
26000
26000
26500
26500
26500
26500
27000
27000
27000
27000
28000
28000
28000
28000
28500
28500
29000
29000
29500
29500
30000
30000
30000
30000
31000
31000
31000
31000
31500
31500
32000
32000
32000
32000
32500
32500
32500
32500
33000
33000
33000
33000
33500
34000
34000
34000
34500
34500
34500
35000
35000
35500
35500
35500
35500
36000
36000
36000
36000
37000
37000
37000
37000
37500
37500
38000
38000
38500
38500
38500
38500
39000
39000
39000
39000
40000
40000
40000
40000
40500
40500
41000
41000
41500
41500
42000
42000
42000
42000
43000
43000
43000
43000
43500
43500
44000
44000
44000
44000
44500
44500
44500
44500
45000
45000
45000
45000
45500
46000
46000
46000
46500
46500
46500
47000
47000
47500
47500
47500
47500
48000
48000
48000
48000
49000
49000
49000
49000
49500
49500
50000
50000
50500
50500
50500
50500
51000
51000
51000
51000
52000
52000
52000
52000
52500
52500
53000
53000
53500
53500
53500
53500
54000
54000
54500
54500
55000
55000
55500
55500
55500
55500
56000
56000
56000
56000
56500
56500
56500
56500
57000
57000
57000
57000
57500
57500
58000
58000
58500
58500
59000
59000
59500
59500
59500
59500
60000
60000
60000
60000
61000
61000
61000
61000
61500
61500
62000
62000
62500
62500
63000
63000
63000
63000
64000
64000
64000
64000
64500
64500
64500
64500
65000
65000
65500
65500
65500
65500
66000
66000
66500
66500
67000
67000
67500
67500
67500
67500
68000
68000
68000
68000
68500
68500
68500
68500
69000
69000
70000
70000
70500
70500
71000
71500
71500
71500
72000
72000
72000
72000
73000
73000
73000
73000
73500
73500
74000
74000
74500
74500
74500
74500
75000
75000
75000
75000
76000
76000
76000
76000
76500
76500
77000
77000
77500
77500
78000
78000
78000
78000
79000
79000
79000
79000
79500
79500
80000
80000
80000
80000
80500
80500
80500
80500
81000
81000
81000
81000
81500
82000
82000
82000
82500
82500
82500
83000
83000
83500
83500
83500
83500
84000
84000
84000
84000
85000
85000
85000
85000
85500
85500
86000
86000
86500
86500
86500
86500
87000
87000
87000
87000
88000
88000
88000
88000
88500
88500
89000
89000
89500
89500
90000
90000
90000
90000
91000
91000
91000
91000
91500
91500
92000
92000
92000
92000
92500
92500
92500
92500
93000
93000
93000
93000
93500
94000
94000
94000
94500
94500
94500
95000
95000
95500
95500
95500
95500
96000
96000
96000
96000
97000
97000
97000
97000
97500
97500
98000
98000
98500
98500
98500
98500
99000
99000
99000
99000
100000
100000
100000
100000
100500
100500
101000
101000
101500
101500
101500
101500
102000
102000
102500
102500
103000
103000
103500
103500
103500
103500
104000
104000
104000
104000
104500
104500
104500
104500
105000
105000
105000
105000
105500
105500
106000
106000
106500
106500
107000
107000
107500
107500
107500
107500
108000
108000
108000
108000
109000
109000
109000
109000
109500
109500
110000
110000
110500
110500
111000
111000
111000
111000
112000
112000
112000
112000
112500
112500
112500
112500
113000
113000
113500
113500
113500
113500
114000
114000
114500
114500
115000
115000
115500
115500
116000
116000
116000
116000
116500
116500
116500
116500
117000
117000
117000
117000
118000
118000
118000
118000
119000
119000
119000
119000
120000
120000
120000
120000
121000
121000
121000
121000
121500
122000
122000
122000
122000
123000
123000
123000
123000
123500
123500
124000
124000
124000
124000
124500
125000
125500
125500
126000
126000
127000
127500
128000
128000
128000
128500
129000
129000
129000
129000
130000
130500
131000
131000
131500
131500
131500
132000
132000
132000
132000
133000
133500
134500
135000
135000
135000
135500
136000
136000
136000
136000
136500
136500
136500
137500
137500
138000
138000
138000
138500
139000
139000
139000
139500
139500
139500
140000
140000
140000
140000
140500
140500
140500
140500
141000
141000
141000
142000
142000
142000
142500
142500
143000
143500
143500
144000
144000
144000
144500
145000
145000
145500
145500
146000
146000
146500
146500
147000
147000
147000
148000
148000
148000
148500
148500
149000
149500
149500
149500
150000
150000
150000
151000
151000
151500
151500
152000
152000
152000
152500
152500
153000
153000
153000
154000
154000
154000
154500
154500
155000
155500
155500
156000
156000
156000
156500
157000
157000
157500
157500
158000
158000
158500
158500
159000
159000
159000
160000
160000
160000
160500
160500
161000
161500
161500
162000
162000
162000
163000
163000
163500
163500
164000
164000
164000
164000
164500
164500
165000
165000
166000
166500
166500
167000
167500
167500
168000
168000
168000
169000
169000
169500
170000
170000
170500
171000
171000
172000
172000
172000
172500
173000
173000
173500
174000
174000
175000
175500
176000
176000
176000
176500
176500
177000
177000
177000
178000
178000
178500
178500
179000
179000
179000
179500
179500
179500
180000
180000
180000
180000
181000
181000
181000
181500
181500
182000
182000
182000
182500
182500
183000
183000
183000
184000
184000
184000
184000
184500
184500
185000
185500
185500
185500
186000
186000
186000
187000
187000
187500
187500
188000
188000
188000
188000
188500
188500
188500
188500
189000
189000
189000
189000
190000
190000
190500
190500
191000
191000
191000
191000
191500
191500
191500
191500
192000
192000
192000
192000
193000
193000
193000
193000
193500
193500
194000
194000
194000
194000
194500
194500
195000
195000
195000
195000
196000
196000
196000
196000
196500
196500
197000
197000
197000
197000
197500
197500
198000
198000
198000
198000
199000
199000
199500
199500
200000
200000
200000
200000
200500
200500
200500
200500
201000
201000
201000
201000
202000
202000
202000
202000
202500
202500
203000
203000
203000
203000
203500
203500
204000
204000
204000
204000
205000
205000
205000
205000
205500
205500
206000
206000
206000
206000
206500
206500
207000
207000
207000
207000
208000
208000
208000
208000
208500
208500
209000
209000
209000
209000
209500
209500
209500
209500
210000
210000
210000
210000
211000
211000
211500
211500
211500
211500
212000
212000
212000
212000
212500
212500
213000
213000
213000
213000
214000
214000
214500
214500
215000
215000
215500
215500
216000
216000
216000
216000
217000
217000
217500
217500
218000
218000
218500
218500
219000
219000
220000
220000
221000
221000
222000
222000
222500
222500
223000
223000
223500
223500
224000
224000
224000
224000
224500
224500
225000
225000
225000
225000
226000
226000
226500
226500
227000
227000
227500
227500
228000
228000
228000
228000
229000
229000
229500
229500
230000
230000
230500
230500
231000
231000
231000
231000
232000
232000
232000
232000
232500
232500
233000
233000
233000
233000
233500
233500
234000
234000
234000
234000
235000
235000
235500
235500
235500
236000
236000
236000
236000
236500
236500
236500
237000
237000
237000
237000
237500
238000
238000
238000
238500
238500
238500
239000
239000
239000
239500
239500
239500
240000
240000
240000
240000
240500
241000
241000
241000
241500
241500
241500
242000
242000
242000
242500
242500
242500
243000
243000
243000
243000
244000
244000
244000
244000
244500
244500
245000
245000
245000
245000
245500
245500
246000
246000
246000
246000
246500
246500
247000
247000
247500
247500
248000
248000
248000
248000
248500
248500
249000
249000
249000
249000
250000
250000
250500
250500
251000
251000
251500
251500
252000
252000
252000
252000
253000
253000
253500
253500
254000
254000
254500
254500
255000
255000
255000
255000
256000
256000
256000
256000
256500
256500
257000
257000
257000
257000
257500
257500
258000
258000
258000
258000
259500
259500
260000
260000
260000
260000
260500
260500
260500
260500
261000
261000
261000
261000
262000
262000
262000
262000
262500
262500
263000
263000
263500
263500
264000
264000
264000
264000
265000
265000
265500
265500
265500
265500
266000
266000
266500
266500
266500
266500
267000
267000
267500
267500
268000
268000
268000
268000
268500
268500
269000
269000
269500
269500
269500
269500
270000
270000
270000
270000
271000
271000
271000
271000
