46
302
859
1416
1974
2531
3042
3622
4133
4690
5224
5805
6339
6896
7454
7964
8499
9079
9334
9590
9822
10147
10449
10704
10960
11262
11773
12074
12353
12608
13444
14791
15047
15348
15627
16440
16718
16974
17229
17810
18019
18297
18599
18878
19156
19365
19691
19992
20503
20805
21060
21316
22175
23499
23800
24079
24358
25704
25983
26262
26517
27051
27609
28166
28700
29257
29791
30070
30348
30604
30883
31417
31974
32531
33065
33622
34157
34435
34691
34946
35225
35782
36339
36897
37431
37941
38499
38777
39079
39335
39613
40124
40681
41262
41796
42353
42887
44234
44489
44768
45070
45627
46115
46719
46997
47229
47508
47810
48344
48623
48901
49157
49273
49993
50527
50736
51084
51339
51455
51595
52152
52431
52709
52965
53243
53476
53801
54358
54892
55171
55426
55681
55844
56541
57075
57609
57887
58166
58445
58700
58955
59211
59536
59791
60047
60186
60325
60883
61138
61394
61951
62508
62787
63065
63321
63576
63878
64134
64366
64714
64993
65248
65527
65805
66061
66339
66595
66873
67175
67408
67686
67965
68267
68476
68778
69079
69358
69613
69869
70171
70449
70682
70983
71216
71517
71773
72075
72284
72609
72864
73096
73445
73723
73979
74234
74513
74815
75070
75326
75627
75836
76161
76440
76672
76997
77230
77531
77764
78065
78344
78623
78878
79157
79412
79714
79970
80248
80457
80782
81084
81293
81618
81850
82152
82431
82686
82988
83220
83522
83801
84079
84335
84567
84869
85124
85403
85705
85983
86262
86541
86773
87075
87353
87609
87841
88166
88445
88723
88909
89234
89513
89792
90070
90302
90627
90883
91115
91440
91696
91951
92253
92532
92740
93066
93321
93576
93901
94134
94412
94668
94946
95202
95527
95806
96061
96340
96595
96897
97106
