581
842
1105
1419
1716
2323
2671
3034
3412
3777
4022
4273
4669
5048
5397
5723
6255
6649
6997
7412
7793
8040
8284
8694
9039
9430
9774
10301
10683
11043
11437
11755
12032
12260
12643
13024
13385
13744
14251
14644
15024
15420
15812
16055
16324
16689
17032
17406
17757
18323
18681
19044
19419
19835
20062
20307
20686
21047
21428
21757
22291
22705
23052
23431
23825
24073
24318
24692
25070
25416
25779
26274
26669
27079
27373
27670
27995
28291
28673
29067
29428
29757
30304
30700
31060
31453
31837
32036
32318
32660
33041
33418
33782
34325
34690
35052
35433
35797
36044
36291
36706
37040
37391
37719
38274
38624
38990
39373
39752
39999
40259
40655
41051
41396
41757
42250
42630
43027
43292
43557
43805
44047
44325
44716
45099
45424
45741
46251
46647
47030
47396
47773
48017
48264
48615
49008
49356
49722
50018
50291
52279
52672
53086
53486
53785
54232
54630
54977
55321
55732
55997
56245
56607
56989
57350
57676
58222
58618
58981
59374
59806
60023
60287
60620
60997
61380
61723
62233
62612
62986
63359
63740
63989
64265
64612
65005
65406
65740
66292
66656
67015
67377
67809
68059
68306
68701
69072
69421
69781
70256
70670
71053
71421
71817
72048
72296
72639
73020
73390
73765
74275
74672
75104
75368
75745
76007
76273
76672
77037
77426
77757
78285
78630
78997
79392
79805
80015
80259
80638
81021
81383
81762
82256
82672
83057
83420
83803
84030
84281
84675
85039
85387
85733
86241
86656
87040
87422
87787
88016
88287
88671
89033
89378
89737
90278
90623
91022
91283
91560
91807
92054
92306
92685
93045
93409
93740
94261
94691
95051
95432
95792
96005
96281
96657
97003
97378
97738
97984
98262
100487
100750
101079
101427
101773
102272
102667
103042
103416
103796
104026
104274
104651
105028
105377
105703
106316
106694
107041
107443
107806
108036
108313
108674
109022
109415
109712
110240
110652
111035
111415
111775
112004
112284
112642
113023
113399
113762
114360
114726
