615
1079
1376
1607
1786
2070
2222
2518
2686
3045
3214
3550
3733
4080
4247
4411
4563
4725
5057
5241
5474
5688
6086
6256
6424
6605
6785
7084
7398
7564
7730
8064
8394
8548
8731
9068
9399
9563
9727
9914
10430
10597
10746
11083
11413
11597
11732
12100
12415
12547
12731
13048
13398
13548
13730
14401
14583
14729
15049
15396
15531
15709
16062
16401
16582
16750
17084
17434
17604
17764
17929
18456
18625
18774
19074
19389
19721
19887
20371
20539
20686
21034
21338
21506
21674
22316
22485
22636
23030
23396
23562
23729
24059
24393
24560
24740
25099
25432
25581
25780
25961
26466
26631
26799
27101
27415
27565
27747
28080
28412
28579
28747
29064
29395
29544
29728
30360
30524
30673
31039
31369
31518
31688
32055
32435
32570
32767
33115
33418
33565
33715
33881
34398
34562
34711
35044
35360
35710
35878
36394
36561
36709
37045
37377
37525
37725
38327
38494
38960
39331
39683
39983
40513
40681
41697
42393
42577
42745
43763
44248
44764
45675
46027
46364
46726
46858
47640
47989
48305
48703
48835
49698
50048
50409
50742
50873
51626
51953
52315
52684
53311
53510
53691
54261
54426
54644
55007
55325
55675
56008
56326
56690
57398
57581
57744
58255
58450
58746
59049
59380
59731
60250
60415
60718
61379
61561
61723
62258
62418
62617
62999
63333
63683
64013
64346
64679
65476
65626
65977
66330
66695
67084
67386
67728
68308
68490
68856
69203
69353
69740
70659
71681
72015
72315
72699
72879
73711
74773
75766
76059
76408
76723
76875
77387
77551
77699
78244
78408
78574
78757
79255
79422
79587
79787
80069
80349
80648
80783
81581
82656
83654
84054
84370
84685
85680
86017
86398
86562
86725
87045
87379
87524
87720
88023
88374
88539
88706
88873
89389
89555
89703
90036
90361
90509
90674
91024
91371
91538
91690
92039
92371
92537
92704
93367
93534
93698
94013
94347
94512
94663
95011
95344
95507
95657
96005
96336
96505
96673
96855
97376
97542
97707
98026
98342
98657
98822
99320
99486
99638
99971
100318
100452
100686
101348
101515
101683
102032
102420
102586
102720
103390
103556
103739
104548
104714
104877
105513
105694
106433
106597
106766
107482
107647
108010
108374
108588
108736
109413
109577
109745
110090
110371
110521
110684
111033
111348
111497
111663
112029
112358
112511
112676
112858
113421
113589
113739
114068
114385
114704
114854
115364
115516
115715
116047
116385
116686
117349
117717
118055
118352
118717
119401
119584
119735
120584
121333
121499
121650
122601
123054
123601
124582
124912
125295
125679
125795
126601
126933
127329
127689
127838
128706
129036
129351
129686
129819
130564
130964
131331
131682
132380
132547
132697
133309
133457
133690
134038
134369
134722
135021
135334
135667
136368
136549
136701
137265
137448
137632
138000
138363
138681
139314
139497
139681
140378
140564
140729
141267
141464
141630
142014
142364
142701
143049
143398
143763
144534
144713
145062
145396
145748
146114
146401
146751
147320
147484
147803
148229
148365
148759
149682
150567
150962
151282
151664
151816
152646
153676
154633
154981
155353
155690
155839
156399
156779
157227
157392
157573
158299
158485
158651
158983
159553
159766
159913
160663
161583
162696
163082
163434
163782
