255
3251
3599
3901
4272
5224
6269
7268
7593
7941
8266
9265
10170
11238
11587
11912
12260
12585
12910
13259
14257
15209
15604
15929
16254
17252
18204
18901
19249
19598
19923
20271
21269
22245
23220
23917
24242
24590
25263
26239
26912
27260
27562
27910
28235
28932
29257
29605
29861
30256
30604
31231
31602
31904
32253
33228
33924
34273
34575
34923
35248
35573
35898
36246
37268
38266
39265
39590
39915
40240
41215
42214
43259
43584
43932
44234
45186
45604
45929
46254
47229
48205
49273
49598
49923
50248
51270
51595
51943
52268
53197
54265
55263
55589
55937
56262
57260
58236
59257
59582
59931
60233
61254
61556
61928
62253
63228
64203
65248
66223
67222
67593
67942
68243
69265
70217
70914
71262
71935
72260
73259
73932
74257
74908
75256
75906
76254
77230
78205
78901
79226
79923
80271
81270
82268
82593
82918
83244
83569
84219
84590
84869
85264
85589
85937
86239
86912
87237
87911
88236
89188
89583
89908
90256
90906
91231
91858
92230
92926
93251
94250
95271
95573
95922
96247
97268
98244
99219
99567
99939
100264
101262
102214
103259
104234
106231
106928
107253
107578
107926
108251
109227
110248
111224
111572
111920
112268
112594
112919
113244
113592
114265
115241
115589
115937
116239
116912
117238
117888
118236
118584
119188
119560
119885
120233
121185
122253
123228
123577
123902
124250
124575
124900
125225
126270
127222
127547
127919
128267
128940
129265
129916
130264
130519
131262
131587
131913
132238
133259
133608
133909
134258
134560
135233
135930
136231
137230
138252
138600
138902
139250
139529
139877
140249
141247
142245
143267
143569
143917
144266
145241
146262
147261
147609
147934
148259
149235
149583
149931
150233
151232
152207
153275
154250
155272
155597
155922
156247